10 0.0002137
60 0.0024161
110 0.0061811
160 0.0106648
210 0.0138812
260 0.0150906
310 0.0184915
360 0.0257725
410 0.0303184
460 0.0404654
510 0.0427882
560 0.0495154
610 0.0534483
660 0.0684628
710 0.0835095
760 0.0821553
810 0.0968062
860 0.103754
910 0.116221
960 0.109581
1010 0.111757
1060 0.122972
1110 0.130188
1160 0.141448
1210 0.148856
1260 0.157688
1310 0.268343
1360 0.173831
1410 0.187254
1460 0.206545
1510 0.203749
1560 0.224896
1610 0.228427
1660 0.252263
1710 0.256085
1760 0.255611
1810 0.273546
1860 0.327074
1910 0.30618
1960 0.317642
2010 0.373037
2060 0.389357
2110 0.35748
2160 0.359097
2210 0.373939
2260 0.466468
2310 0.402401
2360 0.427299
2410 0.436731
2460 0.434083
2510 0.455453
2560 0.470605
2610 0.494061
2660 0.524472
2710 0.516304
2760 0.53501
2810 0.564831
2860 0.88864
2910 0.729533
2960 0.681941
