10 0.0001797
60 0.0008382
110 0.0012293
160 0.0018409
210 0.0023894
260 0.0030392
310 0.0034949
360 0.0047063
410 0.0046581
460 0.0047265
510 0.0057222
560 0.0059295
610 0.0061768
660 0.0066844
710 0.0071694
760 0.0077617
810 0.0082675
860 0.0087142
910 0.0091816
960 0.0097875
1010 0.0103025
1060 0.0109616
1110 0.0146346
1160 0.0124195
1210 0.0139314
1260 0.0145857
1310 0.0137379
1360 0.0144308
1410 0.0145759
1460 0.0149962
1510 0.0156624
1560 0.0180904
1610 0.0175901
1660 0.0174492
1710 0.0178413
1760 0.0191108
1810 0.0186607
1860 0.0192795
1910 0.0198368
1960 0.0201626
2010 0.02096
2060 0.0216228
2110 0.0221469
2160 0.0225791
2210 0.0243207
2260 0.0233283
2310 0.0330333
2360 0.0267351
2410 0.0281816
2460 0.0317739
2510 0.0260422
2560 0.0264856
2610 0.030356
2660 0.0376044
2710 0.0433267
2760 0.0390909
2810 0.0329266
2860 0.0305202
2910 0.036293
2960 0.0430113
