10 0.0001878
60 0.0039199
110 0.0105159
160 0.0306995
210 0.0597571
260 0.0700125
310 0.0934002
360 0.144511
410 0.171137
460 0.277006
510 0.299903
560 0.405966
610 0.568044
660 0.530989
710 0.536504
760 0.597459
810 0.714473
860 0.845348
910 1.0913
960 1.00544
1010 1.11541
1060 1.42547
1110 1.38591
1160 1.51455
1210 1.87713
1260 1.72497
1310 2.36126
1360 2.04426
1410 2.57794
1460 2.37493
1510 2.53692
1560 2.72919
1610 3.56694
1660 3.59552
1710 3.43491
1760 3.86891
1810 4.04019
1860 4.22017
1910 4.12155
1960 4.68706
2010 5.04694
2060 4.97422
2110 5.7133
2160 5.77478
2210 5.87472
2260 4.96124
2310 5.20188
2360 6.99562
2410 7.26736
2460 7.91188
2510 8.10768
2560 8.78655
2610 8.67613
2660 8.71238
2710 9.29766
2760 9.51135
2810 9.63653
2860 10.5607
2910 10.5409
2960 11.376
