10 0.000165
60 0.0009865
110 0.0025294
160 0.0044398
210 0.0069298
260 0.0059972
310 0.0077554
360 0.0105642
410 0.0144319
460 0.0190896
510 0.0253351
560 0.0206247
610 0.0250579
660 0.0262165
710 0.031645
760 0.0327904
810 0.040452
860 0.0498949
910 0.0491499
960 0.0473074
1010 0.0505204
1060 0.0543873
1110 0.0650827
1160 0.0683639
1210 0.0904992
1260 0.0762357
1310 0.0821163
1360 0.0818164
1410 0.0879434
1460 0.0945583
1510 0.0968649
1560 0.10292
1610 0.108617
1660 0.122647
1710 0.123855
1760 0.121506
1810 0.141841
1860 0.154248
1910 0.145798
1960 0.154707
2010 0.212481
2060 0.186461
2110 0.170063
2160 0.178905
2210 0.185696
2260 0.210159
2310 0.205875
2360 0.20485
2410 0.238023
2460 0.223014
2510 0.231455
2560 0.245461
2610 0.25064
2660 0.283558
2710 0.277068
2760 0.271419
2810 0.301347
2860 0.310082
2910 0.415536
2960 0.38615
