10 0.0001244
60 0.0011933
110 0.0043933
160 0.0119112
210 0.0180467
260 0.0370509
310 0.0462786
360 0.0587509
410 0.0773427
460 0.151904
510 0.162182
560 0.259775
610 0.449394
660 0.328942
710 0.279452
760 0.330407
810 0.376126
860 0.457024
910 0.755849
960 0.564627
1010 0.779054
1060 0.833372
1110 0.784018
1160 0.891363
1210 0.953166
1260 1.4389
1310 1.1568
1360 1.53509
1410 2.22756
1460 1.58288
1510 1.87422
1560 1.62853
1610 1.76095
1660 2.12389
1710 2.19234
1760 2.34067
1810 2.58261
1860 2.79597
1910 2.95257
1960 2.87232
2010 3.15622
2060 3.59997
2110 3.4063
2160 3.58238
2210 4.97443
2260 3.21906
2310 4.54813
2360 4.51801
2410 4.98412
2460 4.8415
2510 5.08052
2560 5.2461
2610 5.98807
2660 6.27471
2710 6.30162
2760 6.65315
2810 6.73409
2860 7.69303
2910 7.53886
2960 8.33394
