10 0.0001627
60 0.000306
110 0.0005493
160 0.0007765
210 0.0010194
260 0.0013524
310 0.0015585
360 0.0018337
410 0.0020072
460 0.0020639
510 0.0022458
560 0.0028098
610 0.0027388
660 0.0029503
710 0.003182
760 0.0034181
810 0.0036621
860 0.0039372
910 0.00415
960 0.0044482
1010 0.004651
1060 0.0048512
1110 0.0080905
1160 0.0054751
1210 0.0058593
1260 0.0064692
1310 0.006433
1360 0.0073827
1410 0.006858
1460 0.0076446
1510 0.0072182
1560 0.0086621
1610 0.0078725
1660 0.008103
1710 0.0083399
1760 0.0086287
1810 0.0088108
1860 0.0095771
1910 0.0107283
1960 0.0095856
2010 0.0098667
2060 0.010207
2110 0.0115834
2160 0.0106335
2210 0.0109253
2260 0.0112471
2310 0.0127549
2360 0.0171072
2410 0.0128122
2460 0.0127176
2510 0.012396
2560 0.0126103
2610 0.0145854
2660 0.0267234
2710 0.0242101
2760 0.0224605
2810 0.0156672
2860 0.0165201
2910 0.0195402
2960 0.0248907
